61001 1 8
61002 9 90
61003 91 172
61004 173 246
61005 247 275
61006 276 436
61007 437 541
61008 542 656
61009 657 734
61010 735 800
61011 801 893
61012 894 995
61013 996 1072
61014 1073 1129
61015 1130 1224
61016 1225 1285
61017 1286 1346
61018 1347 1408
61019 1409 1489
61020 1490 1578
61021 1579 1652
61022 1653 1676
61023 1677 1688
61024 1689 1694
61025 1695 1702
61026 1703 1712
61027 1713 1718
61028 1719 1728
61029 1729 1736
61030 1737 1748
61031 1749 1783
61032 1784 1809
61033 1810 1865
61034 1866 1966
61035 1967 2104
61036 2105 2194
61037 2195 2228
61038 2229 2310
61039 2311 2378
61040 2379 2473
61041 2474 2502
61042 2503 2566
61043 2567 2631
61044 2632 2663
61045 2664 2754
61046 2755 2817
61047 2818 2866
61048 2867 2911
61049 2912 2938
61050 2939 3121
61051 3122 3203
61052 3204 3228
61053 3229 3302
61054 3303 3325
61055 3326 3369
61056 3370 3446
61057 3447 3513
61058 3514 3608
61059 3609 3637
61060 3638 3699
61061 3700 3865
61062 3866 3931
61063 3932 4013
61064 4014 4085
61065 4086 4220
61066 4221 4231
61067 4232 4346
61068 4347 4368
61069 4369 4439
61070 4440 4544
61071 4545 4682
61072 4683 4757
61073 4758 4796
61074 4797 4867
61075 4868 4940
61076 4941 5112
61077 5113 5262
61078 5263 5300
61079 5301 5397
61080 5398 5435
61081 5436 5532
61082 5533 5587
61083 5588 5608
61084 5609 5671
61085 5672 5808
61086 5809 5873
61087 5874 5966
61088 5967 6035
61089 6036 6080
61090 6081 6216
61091 6217 6306
61092 6307 6398
61093 6399 6614
61094 6615 6707
61095 6708 6828
61096 6829 6895
61097 6896 6986
61098 6987 7117
61099 7118 7272
61100 7273 7401
61101 7402 7538
61102 7539 7588
61103 7589 7611
61104 7612 7644
61105 7645 7796
61106 7797 7827
61107 7828 7852
61108 7853 7923
61109 7924 7966
61110 7967 8062
61111 8063 8234
61112 8235 8391
61113 8392 8489
61114 8490 8577
61115 8578 8621
61116 8622 8749
61117 8750 8899
61118 8900 9038
61119 9039 9101
61120 9102 9230
61121 9231 9301
61122 9302 9410
61123 9411 9567
61124 9568 9639
61125 9640 9756
61126 9757 9900
61127 9901 9988
61128 9989 10121
61129 10122 10151
61130 10152 10252
61131 10253 10330
61132 10331 10379
61133 10380 10450
61134 10451 10542
61135 10543 10675
61136 10676 10707
61137 10708 10921
61138 10922 10953
61139 10954 11079
61140 11080 11141
61141 11142 11186
61142 11187 11301
61143 11302 11365
61144 11366 11457
61145 11458 11697
61146 11698 11750
61147 11751 11844
61148 11845 11917
61149 11918 11996
61150 11997 12186
61151 12187 12231
61152 12232 12304
61153 12305 12401
61154 12402 12517
61155 12518 12622
61156 12623 12770
61157 12771 12833
61158 12834 12860
61159 12861 13083
61160 13084 13198
61161 13199 13286
61162 13287 13362
61163 13363 13444
61164 13445 13522
61165 13523 13688
61166 13689 13738
61167 13739 13858
61168 13859 13904
61169 13905 13944
61170 13945 13983
61171 13984 14121
61172 14122 14177
61173 14178 14218
61174 14219 14314
61175 14315 14389
61176 14390 14583
61177 14584 14676
61178 14677 14740
61179 14741 14890
61180 14891 15001
61181 15002 15172
61182 15173 15474
61183 15475 15754
61184 15755 15785
61185 15786 15824
61186 15825 15933
61187 15934 15968
61188 15969 16029
61189 16030 16124
61190 16125 16211
61191 16212 16298
61192 16299 16493
61193 16494 16682
61194 16683 16878
61195 16879 16994
61196 16995 17022
61197 17023 17140
61198 17141 17200
61199 17201 17336
61200 17337 17392
61201 17393 17476
61202 17477 17544
61203 17545 17644
61204 17645 17803
61205 17804 17840
61206 17841 17916
61207 17917 18000
61208 18001 18173
61209 18174 18248
61210 18249 18329
62001 18330 18334
62002 18335 18456
62003 18457 18509
62004 18510 18539
62005 18540 18574
62006 18575 18656
62007 18657 18779
62008 18780 18823
62009 18824 18869
62010 18870 18932
62011 18933 19030
62012 19031 19226
62013 19227 19262
62014 19263 19335
62015 19336 19411
62016 19412 19464
62017 19465 19572
62018 19573 19665
62019 19666 19768
62020 19769 19858
62021 19859 19983
62022 19984 20026
62023 20027 20107
62024 20108 20258
62025 20259 20310
62026 20311 20456
62027 20457 20530
62028 20531 20590
62029 20591 20647
62030 20648 20672
62031 20673 20790
62032 20791 21115
62033 21116 21176
62034 21177 21337
62035 21338 21488
62036 21489 21614
62037 21615 21720
62038 21721 21774
62039 21775 22023
62040 22024 22260
62041 22261 22290
62042 22291 22399
62043 22400 22471
62044 22472 22615
62045 22616 22693
62046 22694 22728
62047 22729 22832
62048 22833 22961
62049 22962 23074
62050 23075 23220
62051 23221 23267
62052 23268 23374
62053 23375 23454
62054 23455 23529
62055 23530 23598
62056 23599 23733
62057 23734 23853
62058 23854 23941
62059 23942 24211
62060 24212 24258
62061 24259 24343
62062 24344 24416
62063 24417 24540
62064 24541 24565
62065 24566 24590
62066 24591 24680
62067 24681 24716
62068 24717 24780
62069 24781 24890
62070 24891 24981
62071 24982 25061
62072 25062 25134
62073 25135 25244
62074 25245 25323
62075 25324 25446
62076 25447 25611
62077 25612 25632
62078 25633 25687
62079 25688 25784
62080 25785 25861
62081 25862 25885
62082 25886 26012
62083 26013 26173
62084 26174 26193
62085 26194 26299
62086 26300 26396
62087 26397 26470
62088 26471 26623
62089 26624 26686
62090 26687 26730
62091 26731 26805
62092 26806 26845
62093 26846 26938
62094 26939 27035
62095 27036 27187
62096 27188 27257
62097 27258 27322
62098 27323 27409
62099 27410 27443
62100 27444 27567
62101 27568 27597
62102 27598 27696
62103 27697 27779
62104 27780 27848
62105 27849 27935
62106 27936 28114
62107 28115 28235
62108 28236 28254
62109 28255 28476
62110 28477 28609
62111 28610 28680
62112 28681 28805
62113 28806 28875
62114 28876 28930
62115 28931 29028
62116 29029 29134
62117 29135 29177
62118 29178 29278
62119 29279 29414
62120 29415 29448
62121 29449 29482
62122 29483 29504
62123 29505 29580
62124 29581 29615
63001 29616 29657
63002 29658 29719
63003 29720 29952
63004 29953 30004
63005 30005 30034
63006 30035 30243
63007 30244 30356
63008 30357 30475
63009 30476 30634
63010 30635 30782
63011 30783 30801
63012 30802 30905
63013 30906 31004
63014 31005 31112
63015 31113 31138
63016 31139 31188
63017 31189 31309
63018 31310 31364
63019 31365 31423
63020 31424 31454
63021 31455 31638
63022 31639 31650
63023 31651 31764
63024 31765 31836
63025 31837 31909
63026 31910 31986
63027 31987 32029
63028 32030 32072
63029 32073 32237
63030 32238 32304
63031 32305 32366
63032 32367 32440
63033 32441 32471
63034 32472 32742
63035 32743 32861
63036 32862 32899
63037 32900 32951
63038 32952 33005
63039 33006 33212
63040 33213 33310
63041 33311 33522
63042 33523 33546
63043 33547 33616
63044 33617 33755
63045 33756 33847
63046 33848 33961
63047 33962 34037
63048 34038 34099
63049 34100 34132
63050 34133 34208
63051 34209 34226
63052 34227 34294
63053 34295 34385
63054 34386 34422
63055 34423 34520
63056 34521 34584
63057 34585 34678
63058 34679 34864
63059 34865 34990
63060 34991 35092
63061 35093 35218
63062 35219 35294
63063 35295 35567
63064 35568 35629
63065 35630 35719
63066 35720 35755
63067 35756 35864
63068 35865 35925
63069 35926 35979
63070 35980 36073
63071 36074 36202
63072 36203 36247
63073 36248 36366
63074 36367 36419
63075 36420 36538
63076 36539 36653
63077 36654 36746
63078 36747 36799
63079 36800 36839
63080 36840 36963
63081 36964 37021
63082 37022 37054
63083 37055 37160
63084 37161 37338
63085 37339 37462
63086 37463 37516
63087 37517 37576
63088 37577 37614
63089 37615 37688
63090 37689 37803
63091 37804 38016
63092 38017 38065
63093 38066 38084
63094 38085 38158
63095 38159 38232
63096 38233 38270
63097 38271 38343
63098 38344 38499
63099 38500 38591
63100 38592 38665
63101 38666 38751
63102 38752 38826
63103 38827 38990
63104 38991 39044
63105 39045 39083
63106 39084 39179
63107 39180 39262
63108 39263 39335
63109 39336 39400
63110 39401 39544
63111 39545 39568
63112 39569 39631
63113 39632 39703
63114 39704 39797
63115 39798 39945
63116 39946 40106
63117 40107 40156
63118 40157 40223
63119 40224 40257
63120 40258 40426
63121 40427 40505
63122 40506 40552
63123 40553 40610
63124 40611 40696
63125 40697 40777
63126 40778 40937
63127 40938 40977
63128 40978 41001
63129 41002 41161
63130 41162 41270
63131 41271 41352
63132 41353 41506
63133 41507 41686
63134 41687 41848
63135 41849 41877
63136 41878 41994
63137 41995 42047
63138 42048 42296
63139 42297 42441
63140 42442 42629
63141 42630 42703
63142 42704 42741
63143 42742 42775
63144 42776 42792
63145 42793 43036
63146 43037 43107
63147 43108 43141
63148 43142 43209
63149 43210 43325
63150 43326 43363
63151 43364 43604
63152 43605 43742
63153 43743 43859
63154 43860 43916
63155 43917 44042
63156 44043 44062
63157 44063 44116
63158 44117 44177
63159 44178 44285
63160 44286 44432
63161 44433 44711
63162 44712 44719
63163 44720 44904
63164 44905 44977
63165 44978 45002
63166 45003 45038
63167 45039 45156
63168 45157 45354
63169 45355 45458
63170 45459 45548
63171 45549 45643
63172 45644 45690
63173 45691 45737
63174 45738 45795
63175 45796 45823
63176 45824 45911
63177 45912 46009
63178 46010 46102
63179 46103 46169
63180 46170 46235
63181 46236 46292
63182 46293 46323
63183 46324 46347
63184 46348 46391
63185 46392 46486
63186 46487 46653
63187 46654 46720
63188 46721 46763
63189 46764 46825
63190 46826 46904
63191 46905 47018
63192 47019 47142
63193 47143 47284
63194 47285 47311
63195 47312 47405
63196 47406 47494
63197 47495 47615
63198 47616 47675
63199 47676 47777
63200 47778 47879
63201 47880 47986
63202 47987 48059
63203 48060 48153
63204 48154 48244
63205 48245 48425
63206 48426 48687
63207 48688 48816
63208 48817 48912
63209 48913 49013
63210 49014 49061
64001 49062 49122
64002 49123 49168
64003 49169 49226
64004 49227 49313
64005 49314 49398
64006 49399 49467
64007 49468 49582
64008 49583 49718
64009 49719 49887
64010 49888 50072
64011 50073 50095
64012 50096 50262
64013 50263 50317
64014 50318 50576
64015 50577 50712
64016 50713 50761
64017 50762 50870
64018 50871 50974
64019 50975 51058
64020 51059 51246
64021 51247 51423
64022 51424 51484
64023 51485 51615
64024 51616 51687
64025 51688 51736
64026 51737 51910
64027 51911 52027
64028 52028 52184
64029 52185 52324
64030 52325 52409
64031 52410 52439
64032 52440 52574
64033 52575 52700
64034 52701 52916
64035 52917 52935
64036 52936 53022
64037 53023 53100
64038 53101 53286
64039 53287 53409
64040 53410 53600
64041 53601 53743
64042 53744 53856
64043 53857 53938
64044 53939 54086
64045 54087 54152
64046 54153 54239
64047 54240 54328
64048 54329 54451
64049 54452 54547
64050 54548 54607
64051 54608 54680
64052 54681 54788
64053 54789 54969
64054 54970 55154
64055 55155 55200
64056 55201 55278
64057 55279 55479
64058 55480 55693
64059 55694 55883
64060 55884 55983
64061 55984 56096
64062 56097 56272
64063 56273 56382
64064 56383 56486
64065 56487 56555
64066 56556 56714
64067 56715 56750
64068 56751 56888
64069 56889 57033
64070 57034 57079
64071 57080 57327
64072 57328 57490
64073 57491 57656
64074 57657 57782
64075 57783 57935
64076 57936 57962
64077 57963 58023
64078 58024 58165
64079 58166 58213
64080 58214 58353
64081 58354 58484
64082 58485 58664
64083 58665 58780
64084 58781 58913
64085 58914 59124
64086 59125 59271
64087 59272 59428
64088 59429 59515
64089 59516 59573
64090 59574 59686
64091 59687 59830
64092 59831 59881
64093 59882 60022
64094 60023 60150
64095 60151 60356
64096 60357 60462
64097 60463 60616
64098 60617 60650
64099 60651 60698
64100 60699 60808
64101 60809 60875
64102 60876 61073
64103 61074 61149
64104 61150 61230
64105 61231 61321
64106 61322 61578
64107 61579 61689
64108 61690 61728
64109 61729 61928
64110 61929 61976
64111 61977 62074
64112 62075 62174
64113 62175 62229
64114 62230 62324
64115 62325 62468
64116 62469 62518
64117 62519 62646
64118 62647 62748
64119 62749 62818
64120 62819 62995
64121 62996 63058
64122 63059 63104
64123 63105 63226
64124 63227 63336
64125 63337 63504
64126 63505 63670
64127 63671 63759
64128 63760 63821
64129 63822 63907
64130 63908 63950
64131 63951 64020
64132 64021 64135
64133 64136 64230
64134 64231 64366
64135 64367 64456
64136 64457 64499
65001 64500 64586
65002 64587 64714
65003 64715 64784
65004 64785 65005
65005 65006 65067
65006 65068 65199
65007 65200 65359
65008 65360 65489
65009 65490 65642
65010 65643 65757
65011 65758 65840
65012 65841 66016
65013 66017 66152
65014 66153 66336
65015 66337 66403
65016 66404 66551
65017 66552 66724
65018 66725 66911
65019 66912 67022
65020 67023 67132
65021 67133 67228
65022 67229 67315
65023 67316 67384
65024 67385 67505
65025 67506 67608
65026 67609 67793
65027 67794 67908
65028 67909 67931
65029 67932 68071
65030 68072 68251
65031 68252 68391
65032 68392 68488
65033 68489 68600
65034 68601 68697
65035 68698 68875
65036 68876 68911
65037 68912 69021
65038 69022 69075
65039 69076 69194
65040 69195 69250
65041 69251 69314
65042 69315 69404
65043 69405 69584
65044 69585 69603
65045 69604 69881
65046 69882 70025
65047 70026 70211
65048 70212 70284
65049 70285 70327
65050 70328 70416
65051 70417 70444
65052 70445 70506
65053 70507 70667
65054 70668 70799
65055 70800 70912
65056 70913 71037
65057 71038 71146
65058 71147 71233
65059 71234 71418
65060 71419 71503
65061 71504 71814
65062 71815 71966
65063 71967 72030
65064 72031 72111
65065 72112 72277
65066 72278 72390
65067 72391 72425
65068 72426 72499
65069 72500 72522
65070 72523 72588
65071 72589 72751
65072 72752 73000
65073 73001 73253
65074 73254 73293
65075 73294 73453
65076 73454 73568
65077 73569 73768
65078 73769 73809
65079 73810 73926
65080 73927 74049
65081 74050 74159
65082 74160 74312
65083 74313 74459
65084 74460 74526
65085 74527 74620
65086 74621 74714
65087 74715 74796
65088 74797 74899
65089 74900 74971
65090 74972 75070
65091 75071 75234
65092 75235 75339
65093 75340 75506
65094 75507 75643
65095 75644 75770
65096 75771 75971
65097 75972 76014
65098 76015 76082
65099 76083 76224
65100 76225 76325
65101 76326 76421
65102 76422 76524
65103 76525 76634
65104 76635 76697
65105 76698 76888
65106 76889 76936
65107 76937 77049
65108 77050 77277
65109 77278 77382
65110 77383 77488
65111 77489 77569
65112 77570 77719
65113 77720 77908
65114 77909 77953
65115 77954 78066
65116 78067 78225
65117 78226 78252
65118 78253 78447
65119 78448 78658
65120 78659 78762
65121 78763 78856
65122 78857 78967
65123 78968 79049
65124 79050 79136
65125 79137 79289
65126 79290 79407
65127 79408 79525
65128 79526 79550
65129 79551 79628
65130 79629 79783
65131 79784 79905
65132 79906 79981
65133 79982 80104
65134 80105 80312
65135 80313 80349
65136 80350 80418
65137 80419 80439
65138 80440 80516
65139 80517 80662
65140 80663 80845
65141 80846 80969
65142 80970 81020
65143 81021 81104
65144 81105 81165
65145 81166 81311
65146 81312 81406
65147 81407 81517
65148 81518 81562
65149 81563 81700
65150 81701 81790
65151 81791 81895
65152 81896 81997
65153 81998 82101
65154 82102 82188
65155 82189 82314
65156 82315 82438
65157 82439 82512
65158 82513 82589
65159 82590 82605
65160 82606 82738
65161 82739 82880
65162 82881 82911
66001 82912 83004
66002 83005 83147
66003 83148 83184
66004 83185 83283
66005 83284 83328
66006 83329 83385
66007 83386 83454
66008 83455 83629
66009 83630 83718
66010 83719 83814
66011 83815 83903
66012 83904 84042
66013 84043 84135
66014 84136 84174
66015 84175 84272
66016 84273 84331
66017 84332 84430
66018 84431 84517
66019 84518 84563
66020 84564 84730
66021 84731 84812
66022 84813 84914
66023 84915 84982
66024 84983 85078
66025 85079 85162
66026 85163 85223
66027 85224 85316
66028 85317 85371
66029 85372 85465
66030 85466 85529
66031 85530 85595
66032 85596 85665
66033 85666 85767
66034 85768 85797
66035 85798 85907
66036 85908 85972
66037 85973 85981
66038 85982 85996
66039 85997 86127
66040 86128 86202
66041 86203 86268
66042 86269 86284
66043 86285 86407
66044 86408 86448
66045 86449 86501
66046 86502 86648
66047 86649 86733
66048 86734 86852
66049 86853 86925
66050 86926 87064
66051 87065 87115
66052 87116 87173
66053 87174 87227
66054 87228 87374
66055 87375 87434
66056 87435 87511
66057 87512 87614
66058 87615 87684
66059 87685 87722
66060 87723 87781
66061 87782 87918
66062 87919 88036
66063 88037 88089
66064 88090 88139
66065 88140 88247
66066 88248 88393
66067 88394 88537
66068 88538 88592
66069 88593 88663
66070 88664 88724
66071 88725 88767
66072 88768 88812
66073 88813 88858
66074 88859 89042
66075 89043 89138
66076 89139 89254
66077 89255 89398
66078 89399 89518
66079 89519 89583
66080 89584 89624
66081 89625 89816
66082 89817 89909
66083 89910 89955
66084 89956 89966
67001 89967 90021
67002 90022 90105
67003 90106 90241
67004 90242 90367
67005 90368 90463
67006 90464 90539
67007 90540 90705
67008 90706 90750
67009 90751 90811
67010 90812 90877
67011 90878 90971
67012 90972 91006
67013 91007 91090
67014 91091 91176
67015 91177 91224
67016 91225 91315
67017 91316 91435
67018 91436 91472
67019 91473 91528
67020 91529 91578
67021 91579 91656
67022 91657 91771
67023 91772 91828
67024 91829 91990
67025 91991 92110
67026 92111 92134
67027 92135 92163
67028 92164 92271
67029 92272 92325
67030 92326 92370
67031 92371 92489
67032 92490 92571
67033 92572 92639
67034 92640 92677
67035 92678 92713
67036 92714 92778
67037 92779 92903
67038 92904 92942
67039 92943 93011
67040 93012 93084
67041 93085 93134
67042 93135 93212
67043 93213 93290
67044 93291 93352
67045 93353 93426
67046 93427 93549
67047 93550 93670
67048 93671 93775
67049 93776 93821
67050 93822 94047
67051 94048 94150
67052 94151 94237
67053 94238 94317
67054 94318 94344
67055 94345 94390
67056 94391 94489
67057 94490 94538
67058 94539 94739
67059 94740 94809
67060 94810 94877
67061 94878 94920
67062 94921 95006
67063 95007 95080
67064 95081 95205
67065 95206 95305
67066 95306 95424
67067 95425 95525
67068 95526 95574
67069 95575 95612
67070 95613 95643
67071 95644 95773
67072 95774 95882
67073 95883 96014
67074 96015 96094
67075 96095 96203
67076 96204 96307
67077 96308 96431
67078 96432 96455
67079 96456 96519
67080 96520 96580
67081 96581 96617
67082 96618 96644
67083 96645 96656
67084 96657 96716
67085 96717 96746
67086 96747 96778
68001 96779 96819
68002 96820 96925
68003 96926 97010
68004 97011 97083
68005 97084 97232
68006 97233 97343
68007 97344 97435
68008 97436 97471
68009 97472 97550
68010 97551 97606
68011 97607 97653
68012 97654 97736
68013 97737 97846
68014 97847 97968
68015 97969 98059
68016 98060 98113
68017 98114 98166
68018 98167 98245
68019 98246 98315
68020 98316 98399
68021 98400 98504
68022 98505 98647
68023 98648 98678
68024 98679 98789
68025 98790 98835
68026 98836 99025
68027 99026 99098
68028 99099 99219
68029 99220 99356
68030 99357 99508
68031 99509 99614
68032 99615 99792
68033 99793 99892
68034 99893 99982
68035 99983 100103
68036 100104 100206
68037 100207 100286
68038 100287 100347
68039 100348 100551
68040 100552 100603
68041 100604 100795
68042 100796 100855
68043 100856 100943
68044 100944 101015
68045 101016 101095
68046 101096 101202
68047 101203 101251
69001 101252 101326
69002 101327 101390
69003 101391 101410
69004 101411 101439
69005 101440 101530
69006 101531 101613
69007 101614 101789
69008 101790 101868
69009 101869 101998
69010 101999 102070
69011 102071 102111
69012 102112 102210
69013 102211 102291
69014 102292 102323
69015 102324 102365
69016 102366 102453
69017 102454 102553
69018 102554 102604
69019 102605 102724
69020 102725 102910
69021 102911 102968
69022 102969 103032
69023 103033 103079
69024 103080 103163
69025 103164 103210
69026 103211 103279
69027 103280 103356
69028 103357 103447
69029 103448 103464
69030 103465 103477
70001 103478 103507
70002 103508 103709
70003 103710 103878
70004 103879 104043
70005 104044 104240
70006 104241 104441
70007 104442 104527
70008 104528 104564
70009 104565 104634
70010 104635 104814
70011 104815 104927
70012 104928 105076
70013 105077 105126
70014 105127 105232
70015 105233 105311
70016 105312 105351
70017 105352 105500
70018 105501 105535
70019 105536 105551
70020 105552 105610
70021 105611 105638
70022 105639 105827
70023 105828 105866
70024 105867 105893
71001 105894 105925
71002 105926 106069
71003 106070 106117
71004 106118 106312
71005 106313 106394
71006 106395 106537
71007 106538 106582
71008 106583 106652
71009 106653 106724
71010 106725 106825
71011 106826 106843
71012 106844 106879
71013 106880 106913
71014 106914 107001
71015 107002 107072
71016 107073 107177
71017 107178 107215
71018 107216 107270
71019 107271 107316
71020 107317 107381
71021 107382 107485
71022 107486 107519
72001 107520 107547
72002 107548 107649
72003 107650 107934
72004 107935 108057
72005 108058 108147
72006 108148 108172
72007 108173 108317
72008 108318 108389
72009 108390 108445
72010 108446 108498
72011 108499 108600
72012 108601 108716
72013 108717 108735
72014 108736 108832
72015 108833 108869
72016 108870 108893
72017 108894 108943
72018 108944 109085
72019 109086 109099
73001 109100 109118
73002 109119 109309
73003 109310 109448
73004 109449 109521
73005 109522 109630
73006 109631 109699
73007 109700 109787
73008 109788 109882
73009 109883 109946
73010 109947 110076
73011 110077 110138
73012 110139 110255
73013 110256 110407
73014 110408 110505
73015 110506 110542
73016 110543 110572
74001 110573 110599
74002 110600 110806
74003 110807 111022
74004 111023 111082
74005 111083 111118
74006 111119 111194
74007 111195 111321
74008 111322 111348
74009 111349 111368
74010 111369 111392
75001 111393 111424
75002 111425 111488
75003 111489 111544
75004 111545 111653
75005 111654 111698
75006 111699 111787
75007 111788 111884
75008 111885 111969
75009 111970 112035
75010 112036 112091
75011 112092 112153
75012 112154 112233
75013 112234 112312
75014 112313 112331
75015 112332 112409
75016 112410 112515
75017 112516 112599
75018 112600 112613
75019 112614 112640
75020 112641 112684
75021 112685 112807
75022 112808 112914
75023 112915 112958
75024 112959 112979
75025 112980 112983
76001 112984 113012
76002 113013 113107
76003 113108 113239
76004 113240 113300
76005 113301 113377
76006 113378 113449
76007 113450 113540
76008 113541 113656
76009 113657 113768
76010 113769 113891
76011 113892 113972
76012 113973 114024
76013 114025 114109
76014 114110 114173
76015 114174 114208
76016 114209 114218
77001 114219 114283
77002 114284 114365
77003 114366 114469
77004 114470 114489
77005 114490 114523
77006 114524 114554
77007 114555 114582
77008 114583 114646
77009 114647 114658
77010 114659 114759
77011 114760 114816
77012 114817 114860
77013 114861 114877
78001 114878 114918
78002 114919 114984
78003 114985 115108
78004 115109 115185
78005 115186 115201
78006 115202 115211
79001 115212 115284
79002 115285 115468
79003 115469 115532
79004 115533 115620
79005 115621 115695
79006 115696 115780
79007 115781 115871
79008 115872 116062
79009 116063 116251
79010 116252 116302
79011 116303 116352
79012 116353 116414
79013 116415 116507
79014 116508 116583
79015 116584 116702
79016 116703 116768
79017 116769 116883
79018 116884 116948
79019 116949 117050
79020 117051 117123
79021 117124 117186
79022 117187 117226
79023 117227 117271
79024 117272 117337
79025 117338 117450
79026 117451 117611
79027 117612 117698
79028 117699 117790
79029 117791 117876
79030 117877 118003
79031 118004 118118
79032 118119 118264
79033 118265 118377
79034 118378 118469
79035 118470 118558
79036 118559 118668
79037 118669 118698
79038 118699 118795
79039 118796 118892
79040 118893 118957
79041 118958 119038
79042 119039 119127
79043 119128 119164
79044 119165 119299
79045 119300 119349
79046 119350 119503
79047 119504 119527
79048 119528 119596
79049 119597 119687
79050 119688 119771
79051 119772 119845
79052 119846 119996
79053 119997 120024
79054 120025 120047
79055 120048 120098
79056 120099 120146
80001 120147 120161
80002 120162 120193
80003 120194 120247
80004 120248 120301
80005 120302 120363
80006 120364 120400
80007 120401 120445
80008 120446 120510
80009 120511 120552
80010 120553 120672
80011 120673 120752
80012 120753 120816
80013 120817 120966
80014 120967 121048
80015 121049 121176
80016 121177 121261
80017 121262 121415
80018 121416 121460
80019 121461 121537
80020 121538 121631
80021 121632 121720
80022 121721 121752
80023 121753 121853
80024 121854 121885
81001 121886 121917
81002 121918 122030
81003 122031 122093
81004 122094 122145
81005 122146 122224
81006 122225 122290
81007 122291 122324
81008 122325 122410
81009 122411 122490
81010 122491 122553
81011 122554 122682
81012 122683 122778
81013 122779 122803
81014 122804 122880
81015 122881 123050
81016 123051 123140
81017 123141 123221
81018 123222 123355
81019 123356 123432
81020 123433 123563
82001 123564 123598
82002 123599 123766
82003 123767 123827
82004 123828 123947
82005 123948 124006
82006 124007 124103
82007 124104 124209
82008 124210 124319
82009 124320 124443
82010 124444 124510
82011 124511 124556
82012 124557 124661
83001 124662 124747
83002 124748 124868
83003 124869 124908
83004 124909 124974
83005 124975 125079
83006 125080 125139
83007 125140 125210
83008 125211 125369
83009 125370 125418
83010 125419 125514
83011 125515 125655
83012 125656 125797
83013 125798 125920
83014 125921 126059
83015 126060 126176
83016 126177 126241
83017 126242 126369
83018 126370 126470
83019 126471 126623
83020 126624 126719
83021 126720 126792
83022 126793 126798
84001 126799 126857
84002 126858 127008
84003 127009 127043
85001 127044 127053
85002 127054 127095
85003 127096 127142
85004 127143 127187
85005 127188 127228
85006 127229 127251
85007 127252 127262
86001 127263 127286
86002 127287 127339
86003 127340 127407
86004 127408 127524
86005 127525 127587
86006 127588 127679
86007 127680 127721
87001 127722 127782
87002 127783 127832
87003 127833 127868
87004 127869 127893
87005 127894 127914
87006 127915 127992
87007 127993 128092
87008 128093 128190
87009 128191 128217
87010 128218 128337
87011 128338 128357
87012 128358 128435
87013 128436 128453
87014 128454 128581
87015 128582 128609
87016 128610 128811
87017 128812 128832
87018 128833 128954
87019 128955 128983
87020 128984 129148
87021 129149 129172
87022 129173 129336
87023 129337 129462
87024 129463 129629
87025 129630 129728
87026 129729 129856
87027 129857 129968
87028 129969 130014
87029 130015 130054
87030 130055 130110
87031 130111 130169
87032 130170 130250
87033 130251 130385
87034 130386 130468
87035 130469 130484
87036 130485 130490
87037 130491 130495
87038 130496 130500
87039 130501 130505
87040 130506 130510
87041 130511 130515
87042 130516 130520
87043 130521 130525
87044 130526 130530
87045 130531 130535
87046 130536 130540
87047 130541 130546
87048 130547 130661
87049 130662 130783
87050 130784 130812
87051 130813 130890
87052 130891 130903
87053 130904 130937
87054 130938 130978
87055 130979 131032
87056 131033 131070
87057 131071 131102
87058 131103 131250
87059 131251 131348
87060 131349 131360
87061 131361 131526
87062 131527 131598
87063 131599 131778
87064 131779 131873
87065 131874 131889
87066 131890 131951
87067 131952 132030
87068 132031 132129
87069 132130 132218
87070 132219 132230
87071 132231 132262
87072 132263 132351
87073 132352 132384
87074 132385 132528
87075 132529 132596
87076 132597 132694
87077 132695 132822
87078 132823 132935
87079 132936 133025
87080 133026 133055
87081 133056 133268
87082 133269 133401
87083 133402 133460
87084 133461 133484
87085 133485 133581
87086 133582 133597
87087 133598 133631
87088 133632 133709
87089 133710 133816
87090 133817 133841
87091 133842 133939
87092 133940 134033
87093 134034 134057
87094 134058 134090
87095 134091 134114
87096 134115 134181
87097 134182 134225
87098 134226 134273
87099 134274 134384
87100 134385 134503
87101 134504 134644
87102 134645 134728
87103 134729 134850
87104 134851 134945
87105 134946 135030
87106 135031 135150
87107 135151 135201
87108 135202 135361
87109 135362 135433
87110 135434 135455
87111 135456 135570
87112 135571 135662
87113 135663 135747
87114 135748 135808
87115 135809 135937
87116 135938 136093
87117 136094 136161
87118 136162 136268
87119 136269 136369
87120 136370 136499
87121 136500 136601
87122 136602 136699
87123 136700 136833
87124 136834 136989
87125 136990 137102
87126 137103 137216
87127 137217 137261
87128 137262 137309
87129 137310 137346
87130 137347 137378
87131 137379 137422
87132 137423 137471
87133 137472 137536
87134 137537 137547
87135 137548 137554
